13

1 2 593.3
2 1 593.3
1 4 1256.4
4 1 1256.4
2 3 351.8
3 2 351.8
3 4 47.4
4 3 47.4
3 7 366.0
7 3 366.0
4 5 250.7
5 4 250.7
5 6 252.2
6 5 252.2
5 7 250.8
7 5 250.8
6 8 263.8
8 6 263.8
7 8 186.6
8 7 186.6
7 10 490.7
10 7 490.7
8 9 341.6
9 8 341.6
9 10 66.2
10 9 66.2
9 11 280.7
11 9 280.7
10 11 365.0
11 10 365.0
11 12 911.9
12 11 911.9
10 12 1158.7
12 10 1158.7